20240101   -0.572   -2.191 
20240102   -0.116   -2.524 
20240103    0.136   -2.486 
20240104    0.366   -2.613 
20240105    0.371   -2.398 
20240106    0.224   -1.943 
20240107   -0.080   -1.633 
20240108   -0.320   -1.431 
20240109   -0.464   -1.476 
20240110   -0.199   -1.389 
20240111    0.083   -1.351 
20240112    0.457   -1.542 
20240113    0.882   -1.269 
20240114    1.391   -0.935 
20240115    1.921   -0.848 
20240116    2.426   -0.436 
20240117    2.514   -0.190 
20240118    2.741   -0.017 
20240119    2.596    0.327 
20240120    2.303    0.925 
20240121    1.951    1.251 
20240122    1.938    1.471 
20240123    1.652    1.493 
20240124    1.204    1.612 
20240125    0.785    1.882 
20240126    0.576    2.028 
20240127    0.462    2.094 
20240128    0.072    2.152 
20240129   -0.251    1.967 
20240130   -0.472    1.952 
20240131   -0.428    1.811 
20240201   -0.588    1.482 
20240202   -0.657    1.267 
20240203   -0.653    1.301 
20240204   -0.550    1.609 
20240205   -0.259    1.727 
20240206    0.222    1.886 
20240207    0.237    1.747 
20240208    0.095    1.377 
20240209   -0.515    1.253 
20240210   -0.741    1.431 
20240211   -0.866    1.382 
20240212   -0.868    1.418 
20240213   -0.615    1.572 
20240214   -0.476    1.760 
20240215   -0.445    1.385 
20240216   -0.326    0.984 
20240217   -0.302    0.762 
20240218   -0.347    0.453 
20240219   -0.455    0.209 
20240220   -0.310   -0.052 
20240221    0.114   -0.200 
20240222    0.323    0.045 
20240223    0.368    0.026 
20240224    0.089   -0.154 
20240225   -0.021   -0.382 
20240226    0.008   -0.637 
20240227    0.056   -0.851 
20240228    0.169   -1.165 
20240229    0.224   -1.479 
20240301    0.627   -1.707 
20240302    1.217   -1.796 
20240303    1.320   -1.649 
20240304    1.430   -1.585 
20240305    1.688   -1.592 
20240306    2.228   -1.600 
20240307    2.483   -1.440 
20240308    2.436   -1.232 
20240309    2.351   -1.025 
20240310    2.228   -0.761 
20240311    2.338   -0.047 
20240312    2.521    0.587 
20240313    2.620    1.098 
20240314    2.208    1.479 
20240315    1.537    1.923 
20240316    1.040    2.496 
20240317    0.648    2.869 
20240318    0.162    2.902 
20240319   -0.540    2.765 
20240320   -0.778    2.370 
20240321   -0.958    1.670 
20240322   -1.319    0.966 
20240323   -1.835    0.345 
20240324   -2.033   -0.064 
20240325   -1.786   -0.533 
20240326   -1.515   -0.749 
20240327   -1.357   -0.614 
20240328   -1.157   -0.585 
20240329   -1.129   -0.707 
20240330   -1.316   -0.835 
20240331   -1.180   -0.838 
20240401   -0.965   -1.057 
20240402   -0.680   -1.286 
20240403   -0.447   -1.266 
20240404   -0.016   -1.371 
20240405    0.277   -1.249 
20240406    0.499   -1.008 
20240407    0.814   -0.824 
20240408    0.869   -0.871 
20240409    0.746   -0.877 
20240410    0.689   -0.717 
20240411    0.761   -0.347 
20240412    0.612   -0.179 
20240413    0.450   -0.121 
20240414    0.310   -0.058 
20240415    0.078    0.100 
20240416    0.096    0.070 
20240417    0.051   -0.050 
20240418   -0.156   -0.255 
20240419   -0.160   -0.552 
20240420   -0.320   -0.868 
20240421   -0.269   -0.776 
20240422   -0.182   -0.812 
20240423    0.042   -0.710 
20240424    0.210   -0.815 
20240425    0.310   -0.870 
20240426    0.203   -1.112 
20240427    0.336   -1.358 
20240428    0.488   -1.246 
20240429    0.781   -0.957 
20240430    1.050   -0.911 
20240501    1.225   -0.648 
20240502    1.086   -0.650 
20240503    1.072   -0.234 
20240504    1.358    0.083 
20240505    1.358    0.410 
20240506    1.097    0.409 
20240507    0.766    0.274 
20240508    0.455    0.146 
20240509   -0.293   -0.065 
20240510   -0.067    0.065 
20240511   -0.325   -0.059 
20240512   -0.340   -0.203 
20240513   -0.270   -0.530 
20240514   -0.263   -0.692 
20240515   -0.187   -0.762 
20240516    0.158   -0.939 
20240517    0.684   -1.004 
20240518    0.843   -0.958 
20240519    0.778   -1.096 
20240520    0.884   -1.325 
20240521    0.982   -1.311 
20240522    1.136   -1.307 
20240523    1.273   -1.247 
20240524    1.237   -1.177 
20240525    1.233   -1.260 
20240526    1.269   -1.340 
20240527    1.330   -1.117 
20240528    1.424   -0.778 
20240529    1.450   -0.654 
20240530    1.421   -0.439 
20240531    1.118   -0.276 
20240601    0.896   -0.223 
20240602    0.730   -0.118 
20240603    0.751   -0.004 
20240604    0.512    0.005 
20240605    0.192    0.292 
20240606   -0.020    0.139 
20240607   -0.292    0.281 
20240608   -0.175   -0.000 
20240609   -0.110    0.051 
20240610   -0.191   -0.113 
20240611   -0.323   -0.200 
20240612   -0.333   -0.058 
20240613    0.049    0.084 
20240614    0.188    0.080 
20240615    0.064    0.004 
20240616   -0.508    0.023 
20240617   -0.697    0.041 
20240618   -0.390   -0.044 
20240619   -0.163   -0.081 
20240620    0.219   -0.384 
20240621    0.174   -0.371 
20240622   -0.093   -0.287 
20240623   -0.315   -0.293 
20240624   -0.397   -0.348 
20240625   -0.425   -0.619 
20240626   -0.317   -0.856 
20240627   -0.070   -0.969 
20240628    0.163   -1.043 
20240629    0.267   -0.687 
20240630    0.214   -0.582 
20240701    0.342   -1.076 
20240702    0.295   -1.362 
20240703    0.319   -1.413 
20240704    0.223   -1.224 
20240705    0.262   -0.917 
20240706    0.483   -0.799 
20240707    0.587   -0.750 
20240708    0.538   -0.752 
20240709    0.555   -0.402 
20240710    0.539   -0.026 
20240711    0.780    0.304 
20240712    1.068    0.197 
20240713    1.078    0.124 
20240714    1.124   -0.184 
20240715    1.128    0.008 
20240716    0.943    0.071 
20240717    0.823    0.286 
20240718    0.817    0.672 
20240719    0.881    0.711 
20240720    0.874    0.839 
20240721    0.832    0.649 
20240722    0.617    0.445 
20240723    0.468    0.610 
20240724    0.759    0.548 
20240725    0.886    0.360 
20240726    0.655    0.361 
20240727    0.499    0.684 
20240728    0.250    0.462 
20240729   -0.406    0.317 
20240730   -1.090    0.210 
20240731   -1.414    0.233 
20240801   -1.417    0.375 
20240802   -1.163    0.291 
20240803   -1.066    0.308 
20240804   -0.776    0.369 
20240805   -0.714    0.113 
20240806   -0.674    0.013 
20240807   -0.789   -0.253 
20240808   -1.092   -0.219 
20240809   -0.958   -0.306 
20240810   -1.018   -0.258 
20240811   -1.152   -0.527 
20240812   -1.292   -0.552 
20240813   -1.366   -0.716 
20240814   -1.477   -0.856 
20240815   -1.167   -0.958 
20240816   -0.901   -1.487 
20240817   -0.835   -1.701 
20240818   -0.645   -1.715 
20240819   -0.388   -1.741 
20240820   -0.369   -1.821 
20240821   -0.513   -1.702 
20240822   -0.503   -1.586 
20240823   -0.385   -1.524 
20240824    0.060   -1.343 
20240825    0.370   -1.182 
20240826    0.499   -0.886 
20240827    0.632   -0.801 
20240828    0.617   -0.744 
20240829    0.493   -0.745 
20240830    0.679   -0.649 
20240831    0.754   -0.627 
20240901    1.010   -0.643 
20240902    1.190   -0.675 
20240903    1.037   -0.526 
20240904    1.019   -0.030 
20240905    1.058    0.076 
20240906    0.696    0.069 
20240907    0.400    0.012 
20240908    0.463    0.173 
20240909    0.640    0.064 
20240910    0.800    0.215 
20240911    0.772    0.464 
20240912    0.872    0.639 
20240913    1.306    0.537 
20240914    1.474    0.505 
20240915    1.565    0.732 
20240916    1.558    0.978 
20240917    1.139    0.945 
20240918    0.809    1.009 
20240919    0.371    1.152 
20240920    0.308    1.177 
20240921    0.232    1.116 
20240922    0.021    0.886 
20240923   -0.201    0.779 
20240924   -0.419    0.637 
20240925   -0.511    0.360 
20240926   -0.662    0.363 
20240927   -0.942    0.040 
20240928   -1.106   -0.311 
20240929   -1.267   -0.500 
20240930   -1.271   -0.562 
20241001   -0.857   -0.589 
20241002   -0.549   -0.752 
20241003   -0.318   -0.838 
20241004   -0.102   -1.016 
20241005    0.116   -0.918 
20241006   -0.079   -1.034 
20241007   -0.075   -1.037 
20241008    0.016   -1.034 
20241009    0.309   -0.717 
20241010    0.372   -0.702 
20241011    0.305   -0.647 
20241012    0.403   -0.637 
20241013    0.775   -0.700 
20241014    1.042   -1.020 
20241015    1.257   -0.740 
20241016    1.356   -0.580 
20241017    1.544    0.039 
20241018    1.754    0.330 
20241019    1.958    0.608 
20241020    2.095    0.707 
20241021    2.214    0.742 
20241022    2.314    0.871 
20241023    2.518    1.349 
20241024    2.288    1.720 
20241025    1.953    1.901 
20241026    1.412    2.014 
20241027    0.734    1.846 
20241028    0.122    1.489 
20241029   -0.313    1.387 
20241030   -0.716    1.510 
20241031   -0.969    1.266 
20241101   -1.168    1.085 
20241102   -1.181    0.812 
20241103   -1.259    0.543 
20241104   -1.166    0.650 
20241105   -1.431    0.728 
20241106   -1.572    0.548 
20241107   -1.475    0.126 
20241108   -1.333   -0.114 
20241109   -1.226   -0.315 
20241110   -1.182   -0.409 
20241111   -1.021   -0.512 
20241112   -0.763   -0.562 
20241113   -0.550   -0.698 
20241114   -0.579   -0.939 
20241115   -0.552   -1.029 
20241116   -0.486   -0.983 
20241117   -0.441   -1.224 
20241118   -0.507   -1.343 
20241119   -0.369   -1.719 
20241120   -0.283   -1.786 
20241121   -0.137   -1.741 
20241122    0.119   -1.789 
20241123    0.437   -1.702 
20241124    0.684   -1.453 
20241125    1.054   -1.197 
20241126    1.241   -1.174 
20241127    1.537   -1.182 
20241128    1.759   -0.985 
20241129    1.745   -0.717 
20241130    1.942   -0.477 
20241201    1.901   -0.365 
20241202    1.953   -0.286 
20241203    1.972   -0.201 
20241204    1.839   -0.143 
20241205    1.645    0.001 
20241206    1.732    0.043 
20241207    1.991    0.260 
20241208    2.161    0.476 
20241209    2.091    0.658 
20241210    2.236    0.680 
20241211    2.128    1.038 
20241212    2.054    1.217 
20241213    2.072    1.149 
20241214    1.911    1.260 
20241215    1.720    0.962 
20241216    1.488    0.817 
20241217    1.270    1.013 
20241218    1.207    1.009 
20241219    1.032    1.066 
20241220    1.034    1.139 
20241221    1.224    1.175 
20241222    1.101    1.141 
20241223    0.723    1.028 
20241224    0.609    0.982 
20241225    0.419    1.064 
20241226    0.079    1.178 
20241227   -0.203    1.480 
20241228   -0.358    1.326 
20241229   -0.615    1.082 
20241230   -0.657    1.144 
20241231   -0.553    1.195 
