20250101   -0.492    0.990 
20250102   -0.340    0.934 
20250103   -0.131    0.750 
20250104   -0.097    0.458 
20250105   -0.354    0.290 
20250106   -0.595    0.260 
20250107   -0.935    0.258 
20250108   -1.102    0.227 
20250109   -1.161    0.083 
20250110   -1.135    0.086 
20250111   -1.526    0.123 
20250112   -2.021    0.158 
20250113   -2.229   -0.180 
20250114   -2.323   -0.329 
20250115   -2.180   -0.663 
20250116   -1.915   -1.127 
20250117   -1.556   -1.531 
20250118   -1.023   -1.940 
20250119   -0.549   -2.397 
20250120    0.017   -2.471 
20250121    0.299   -2.552 
20250122    0.509   -2.590 
20250123    0.655   -2.490 
20250124    0.802   -2.052 
20250125    1.122   -1.654 
20250126    1.354   -1.464 
20250127    1.380   -1.342 
20250128    1.230   -0.924 
20250129    1.138   -0.747 
20250130    1.404   -0.487 
20250131    1.536   -0.047 
20250201    1.569    0.305 
20250202    1.439    0.967 
20250203    1.298    1.401 
20250204    1.341    1.628 
20250205    1.219    1.627 
20250206    0.882    1.684 
20250207    0.791    1.826 
20250208    0.855    1.830 
20250209    0.859    1.747 
20250210    0.470    1.696 
20250211   -0.093    1.810 
20250212   -0.770    1.786 
20250213   -1.255    1.744 
20250214   -0.988    1.545 
20250215   -0.787    1.278 
20250216   -1.200    1.094 
20250217   -1.469    1.150 
20250218   -1.371    1.079 
20250219   -0.921    0.793 
20250220   -0.601    0.543 
20250221   -0.721    0.615 
20250222   -0.768    0.419 
20250223   -0.730    0.139 
20250224   -0.944   -0.104 
20250225   -1.103   -0.228 
20250226   -1.094    0.073 
20250227   -0.965   -0.085 
20250228   -0.941   -0.343 
20250301   -1.324   -0.446 
20250302   -1.382   -0.427 
20250303   -1.529   -0.811 
20250304   -1.517   -1.079 
20250305   -1.573   -1.232 
20250306   -1.448   -1.338 
20250307   -1.265   -1.414 
20250308   -1.327   -1.402 
20250309   -1.648   -1.537 
20250310   -1.810   -1.407 
20250311   -1.555   -1.165 
20250312   -1.045   -1.206 
20250313   -0.766   -1.396 
20250314   -0.568   -1.481 
20250315   -0.321   -1.165 
20250316    0.169   -0.932 
20250317    0.632   -0.941 
20250318    0.979   -0.664 
20250319    1.049   -0.068 
20250320    0.711    0.199 
20250321    0.670    0.623 
20250322    0.491    0.779 
20250323    0.015    0.811 
20250324   -0.073    0.766 
20250325    0.117    0.665 
20250326    0.456    0.708 
20250327    0.616    0.667 
20250328    0.717    0.648 
20250329    0.317    0.713 
20250330    0.096    0.524 
20250331    0.088    0.599 
20250401    0.106    0.592 
20250402   -0.133    0.474 
20250403   -0.028    0.231 
20250404   -0.003    0.271 
20250405   -0.069    0.315 
20250406   -0.436    0.161 
20250407   -0.721   -0.116 
20250408   -0.644   -0.192 
20250409   -0.510   -0.179 
20250410   -0.020   -0.434 
20250411    0.094   -0.443 
20250412    0.110   -0.014 
20250413    0.036    0.130 
20250414    0.297    0.255 
20250415    0.318    0.165 
20250416    0.195    0.493 
20250417    0.228    0.734 
20250418    0.164    0.934 
20250419    0.096    0.898 
20250420   -0.057    0.805 
20250421   -0.065    0.924 
20250422    0.053    1.301 
20250423    0.046    1.407 
20250424   -0.101    1.287 
20250425   -0.204    1.211 
20250426   -0.259    1.073 
20250427   -0.172    1.103 
20250428   -0.205    1.036 
20250429   -0.351    0.803 
20250430   -0.903    0.613 
20250501   -1.144    0.517 
20250502   -1.181    0.427 
20250503   -1.075    0.358 
20250504   -0.825    0.210 
20250505   -0.399    0.201 
20250506    0.147    0.207 
20250507    0.441    0.176 
20250508    0.662    0.331 
20250509    0.803    0.514 
20250510    0.891    0.907 
20250511    0.675    0.827 
20250512    0.339    0.743 
20250513    0.159    0.643 
20250514    0.031    0.459 
20250515   -0.184    0.519 
20250516   -0.223    0.281 
20250517   -0.087    0.083 
20250518    0.101   -0.232 
20250519    0.171   -0.325 
20250520    0.265   -0.288 
20250521    0.481   -0.182 
20250522    0.963   -0.005 
20250523    1.120   -0.305 
20250524    0.938   -0.331 
20250525    0.637   -0.172 
20250526    0.673   -0.050 
20250527    0.703   -0.130 
20250528    0.857   -0.203 
20250529    0.846   -0.217 
20250530    0.766   -0.126 
20250531    0.394    0.004 
20250601    0.264    0.296 
20250602    0.473    0.521 
20250603    0.690    0.520 
20250604    0.570    0.917 
20250605    0.291    1.213 
20250606    0.028    1.418 
20250607   -0.366    1.542 
20250608   -0.477    1.339 
20250609   -0.540    1.450 
20250610   -0.458    1.206 
20250611   -0.557    0.807 
20250612   -0.425    0.241 
20250613   -0.260   -0.150 
20250614   -0.105   -0.479 
20250615    0.081   -0.489 
20250616    0.205   -0.473 
20250617    0.292   -0.228 
20250618    0.307   -0.171 
20250619    0.201   -0.365 
20250620    0.137   -0.441 
20250621    0.182   -0.467 
20250622    0.433   -0.551 
20250623    0.768   -0.393 
20250624    0.832   -0.036 
20250625    0.795    0.293 
20250626    0.713    0.547 
20250627    0.562    0.650 
20250628    0.430    0.397 
20250629    0.126    0.254 
20250630   -0.048    0.121 
20250701   -0.014    0.004 
20250702   -0.038   -0.098 
20250703   -0.291   -0.129 
20250704   -0.057    0.151 
20250705    0.156    0.401 
20250706    0.241    0.440 
20250707    0.385    0.212 
20250708    0.498    0.200 
20250709    0.773    0.417 
20250710    1.121    0.018 
20250711    1.257   -0.313 
20250712    1.162   -0.308 
20250713    1.300    0.176 
20250714    1.377    0.390 
20250715    1.530    0.485 
20250716    1.553    0.571 
20250717    1.209    0.786 
20250718    1.306    1.019 
20250719    1.358    1.144 
20250720    0.959    1.126 
20250721    0.709    1.247 
20250722    0.405    1.720 
20250723    0.246    1.896 
20250724   -0.068    1.708 
20250725   -0.342    1.372 
20250726   -0.474    1.225 
20250727   -0.583    1.268 
20250728   -0.598    1.102 
20250729   -0.593    1.026 
20250730   -0.604    0.912 
20250731   -0.645    0.614 
20250801   -0.990    0.360 
20250802   -1.186    0.120 
20250803   -1.225   -0.124 
20250804   -1.334   -0.169 
20250805   -1.132   -0.396 
20250806   -1.045   -0.613 
20250807   -0.879   -0.698 
20250808   -0.791   -0.842 
20250809   -0.718   -0.531 
20250810   -0.483   -0.369 
20250811   -0.463   -0.294 
20250812   -0.563   -0.859 
20250813   -0.443   -1.148 
20250814   -0.338   -1.326 
20250815   -0.123   -1.261 
20250816    0.056   -1.469 
20250817    0.329   -1.460 
20250818    0.312   -1.369 
20250819    0.330   -1.384 
20250820    0.464   -1.294 
20250821    0.552   -1.359 
20250822    0.664   -1.198 
20250823    0.802   -1.304 
20250824    0.773   -1.184 
20250825    0.724   -0.965 
20250826    0.674   -0.421 
20250827    0.683   -0.199 
20250828    0.685   -0.015 
20250829    0.556    0.148 
20250830    0.399    0.208 
20250831    0.170    0.120 
20250901    0.060   -0.134 
20250902   -0.234   -0.434 
20250903   -0.355   -0.511 
20250904   -0.250   -0.773 
20250905   -0.132   -1.101 
20250906   -0.167   -1.251 
20250907   -0.315   -1.252 
20250908   -0.095   -1.039 
20250909    0.093   -0.925 
20250910    0.224   -0.810 
20250911    0.343   -0.648 
20250912    0.249   -0.400 
20250913   -0.074   -0.273 
20250914   -0.352   -0.053 
20250915   -0.667    0.217 
20250916   -0.718    0.197 
20250917   -0.683    0.226 
20250918   -0.761    0.130 
20250919   -0.604    0.335 
20250920   -0.275    0.592 
20250921    0.109    0.558 
20250922    0.351    0.183 
20250923    0.461   -0.124 
20250924    0.563   -0.281 
20250925    0.807   -0.252 
20250926    0.426   -0.327 
20250927    0.099   -0.568 
20250928   -0.142   -0.719 
20250929   -0.322   -0.902 
20250930   -0.484   -1.066 
20251001   -0.522   -1.193 
20251002   -0.563   -1.077 
20251003   -0.603   -0.862 
20251004   -0.228   -0.440 
20251005   -0.028   -0.080 
20251006    0.006    0.273 
20251007   -0.226    0.468 
20251008   -0.519    0.393 
20251009   -0.662    0.045 
20251010   -0.770    0.014 
20251011   -0.887    0.012 
20251012   -1.260   -0.086 
20251013   -1.176   -0.327 
20251014   -1.259   -0.483 
20251015   -1.084   -0.938 
20251016   -0.939   -1.065 
20251017   -0.760   -1.082 
20251018   -0.287   -1.211 
20251019    0.306   -1.508 
20251020    0.749   -1.445 
20251021    1.183   -1.264 
20251022    1.561   -1.015 
20251023    1.847   -1.077 
20251024    1.956   -1.028 
20251025    1.961   -0.803 
20251026    1.866   -0.477 
20251027    1.861   -0.066 
20251028    1.760    0.025 
20251029    1.529    0.344 
20251030    1.299    0.502 
20251031    1.058    0.649 
20251101    0.823    0.856 
20251102    0.983    0.782 
20251103    1.268    0.653 
20251104    1.475    0.532 
20251105    1.715    0.666 
20251106    1.810    0.875 
20251107    1.453    1.170 
20251108    1.214    1.597 
20251109    1.010    1.788 
20251110    0.888    1.822 
20251111    0.821    1.707 
20251112    0.714    1.776 
20251113    0.625    1.912 
20251114    0.564    1.675 
20251115    0.428    1.512 
20251116    0.116    1.451 
20251117    0.528    1.392 
20251118    0.480    1.092 
20251119    0.572    0.865 
20251120    0.676    0.863 
20251121    0.846    1.080 
20251122    0.786    1.315 
20251123    0.967    1.557 
20251124    1.254    1.554 
20251125    1.038    1.777 
20251126    0.558    2.252 
20251127   -0.118    2.478 
20251128   -0.402    2.673 
20251129   -0.489    2.736 
20251130   -0.744    2.935 
20251201   -1.160    2.779 
20251202   -1.406    2.132 
20251203   -1.644    1.447 
20251204   -1.875    0.865 
20251205   -1.604    0.395 
20251206   -1.230    0.238 
20251207   -0.676    0.362 
20251208   -0.267    0.306 
20251209   -0.208    0.211 
20251210   -0.328    0.254 
20251211   -0.358    0.248 
20251212   -0.167    0.161 
20251213   -0.231    0.116 
20251214   -0.465    0.366 
20251215   -0.791    0.649 
20251216   -1.104    0.990 
20251217   -1.293    0.906 
20251218   -1.281    0.760 
20251219   -0.938    0.565 
20251220   -0.501    0.651 
20251221   -0.509    0.660 
20251222   -0.636    0.456 
20251223   -0.749    0.388 
20251224   -0.487    0.461 
20251225   -0.224    0.296 
20251226   -0.180   -0.174 
20251227   -0.265   -0.416 
20251228   -0.383   -0.218 
20251229   -0.015    0.033 
20251230    0.489   -0.121 
20251231    0.693   -0.165 
